61574	88
9 1
10 848
32 9677
33 3
34 1979
35 39
37 1
38 7
39 5
40 3
41 3
43 2
44 117
45 2526
46 1393
47 1067
48 1359
49 1598
50 736
51 894
52 534
53 442
54 440
55 383
56 332
57 372
58 164
59 24
60 1006
61 1001
62 1006
63 7
64 1
65 56
66 77
67 87
68 28
69 28
70 40
71 56
72 137
73 48
74 14
75 14
76 50
77 114
78 46
79 18
80 40
81 16
82 20
83 45
84 30
85 18
86 67
87 24
88 9
89 18
90 30
95 13
96 1
97 2611
98 594
99 1779
100 1446
101 3129
102 516
103 851
104 1245
105 2053
106 138
107 272
108 2031
109 1193
110 1559
111 2162
112 978
113 32
114 1621
115 2543
116 2804
117 871
118 664
119 366
120 416
121 388
122 134
124 2

****注：该文件用来存储源文件中的字符数量、字符种类个数、每个字符对应的ASCII码及他们的出现频率！****
