9448	72
10 69
32 1529
33 1
34 47
36 3
39 44
40 4
41 4
44 110
45 36
46 85
48 28
49 9
50 11
51 3
52 4
53 8
54 4
55 3
56 3
57 1
58 1
59 1
63 6
65 16
66 16
67 5
68 4
69 4
71 2
72 13
73 22
74 18
76 1
77 17
78 2
79 5
80 1
82 2
83 12
84 30
85 4
87 9
89 5
91 2
93 2
97 634
98 113
99 178
100 237
101 879
102 136
103 177
104 352
105 525
106 21
107 81
108 295
109 192
110 526
111 524
112 149
113 4
114 475
115 519
116 660
117 224
118 66
119 124
120 9
121 131
122 5

****注：该文件用来存储源文件中的字符数量、字符种类个数、每个字符对应的ASCII码及他们的出现频率！****
